-0.9038543540051464 0.10628903426502131 0.16567758093604726 0.37986956592510573 0.3319195205826665 0.6609400717870368 -0.5016316673356886 0.4487241064265842
-0.8120371569470841 0.382710414765354 0.24106666669942436 0.36880246253767895 0.42588585112867283 0.3663769035638491 -0.5941031158751328 0.5757001772197318
-0.8523562870703426 0.1946203736051641 0.17628251623025745 0.4522567241523058 0.1220053641854226 0.5345695745904077 0.03813429012048567 0.8354016021945491
-0.8896956771789213 0.12348647247431606 0.09739859807298563 0.4286096198388546 0.2095296609694824 0.452114616069971 -0.1510148896090022 0.8537471512258752
-0.8416547569631746 0.15822058094092406 0.04786514187651092 0.5140938105454269 0.2842963203195145 0.4754847139315784 -0.06342671959865996 0.8301005603606963
-0.8407671067538913 0.32573111124179777 0.18415276936407868 0.3912769772238265 0.1501524658123812 0.543388816142677 -0.0649869077374027 0.8233829809537309
-0.801956519369749 0.38345702156082007 0.2515134394648682 0.3828412770648097 -0.03734095456040002 0.5236447903198831 0.25515326301651137 0.8119720432720517
-0.7766718170752656 0.42155572484587805 0.10948457906386481 0.45506569455176454 0.14552382428620952 0.5348780260949099 -0.05484902241794507 0.8304937678909609
-0.17930117079739213 0.86521602735704 0.016146289039035783 0.4679653977651064 0.16956144246694202 0.5263712641242559 -0.06970272224547365 0.8302552258458437
-0.8937470095610425 0.11077226151962759 0.15317796219675436 0.40679515837306984 -0.028235165984120403 0.44997015966667414 0.07121998920105724 0.8897512820724667
-0.8944536274207281 0.12057837691296407 0.06677316014900822 0.4253879505799988 0.25301265597756867 0.4955569651263681 -0.22683518031939276 0.7993457895050106
-0.872379502371823 0.14670152847334922 -0.03153233960205716 0.4652293809985501 -0.16940123598223145 0.476607994909577 0.5273015835415108 0.6827159588222469
-0.9004849842279584 0.11303553336763664 0.0612610707006675 0.41544776156922 0.05320133483185195 0.5501929392228185 0.29662166090681225 0.7787637240410914
-0.8867662204563989 0.19560716331550826 0.21799911842871214 0.3575750162992905 0.6059759294135267 0.21281680135592304 -0.736050071483746 0.21385152396187912
-0.8269630064678724 0.18589179998576208 0.04685973803733853 0.5285646503340373 0.3095329565743179 0.5654949412723821 -0.28424522592830065 0.709654473477534
-0.8943015919772508 0.1132899443452581 0.2733038177060866 0.3357008703064105 0.2639237073000905 0.4924965068338523 -0.128762325904257 0.8192751252840252
-0.9064015795030901 0.11307989812063726 0.06853237326249992 0.40118876745285287 0.2291185066552463 0.4718553588391396 -0.23409722073125386 0.8185693137961864
0.16165185790338604 0.8914327063646117 0.008165864030060374 0.42326082446228125 0.22357917946258518 0.4866787302300433 -0.178984502250438 0.8253003768366235
-0.9004048680434311 0.12092531173062414 0.1735986859103073 0.38014686482563204 0.08617587760418187 0.4169552927137749 -0.16933049686307858 0.8888471099290486
-0.8571443848018611 0.09318337679546843 0.4760735590579019 0.17313095695910444 0.6919080239630413 0.1803219283825895 -0.6736822614984023 0.18681407618898
-0.8522445667796478 0.08791645338570649 0.48816514223361157 0.16626692252726372 -0.02519996711582786 0.5344417471891659 -0.026462827478602183 0.8444150041777979
-0.9161372697045462 0.08102296026340584 0.2879867836011527 0.2668171573184848 -0.5216694577991777 0.19691736282476574 0.8222652880744222 0.11386099000772323
-0.9076789835544874 0.08894333517677973 0.16427072468959358 0.37579658719988307 -0.47584841758914553 0.24964558675045115 0.8341497770460299 0.12425584069969478
-0.9152190156540361 0.07394439213115044 0.30067526310678755 0.2578774251718751 -0.43031734989962833 0.4275256692778492 0.6243632679353337 0.4921577898773916
-0.6156866331137755 0.6301895775497771 0.19817508502810405 0.429555237224225 -0.16699025229033077 0.5127438390339162 0.6724023569417154 0.5070336098839988
0.17384476027240178 0.8590240259506238 -0.08675497860325325 0.4736341371279759 0.24717711160543385 0.4765804481577091 0.2123803936864154 0.8164980834697625
-0.889303393663957 0.12346247743847148 0.09855416031312013 0.42916613119804736 0.030862311945271108 0.4469981239163124 0.11898999481533444 0.8860482921661417
-0.7754167006255448 0.4326409857532728 0.23315660986228148 0.39647031807558897 0.4131113957928719 0.3850345555086658 -0.49883587849734784 0.6574573233709458
-0.9056139872423048 0.11399777549090977 0.11060662006281757 0.3932352843940868 0.4340335452156526 0.37203567793109726 -0.4580697918865906 0.6807175638507181
-0.8553496571790578 0.15272873799518524 0.05374960076696778 0.49209945841410757 0.25553037459689276 0.5100598537148113 -0.25588577909207477 0.7804265765241717
-0.9081769982703419 0.07604311643273559 0.37073999353913434 0.17884026796689734 0.6097092122006136 0.19967942624607926 -0.7274662156986136 0.24326057697227058
-0.8104795763557344 0.3577975226502474 0.13062903859998123 0.4450166776313216 0.4184875383633123 0.27874979141708667 -0.7428376802452376 0.4419942475048969
-0.8799337142854078 0.13630259044235182 0.020985142880371295 0.45464039204725454 0.5046660555255644 0.2882630402135037 -0.6524305140388578 0.4863651060655233
-0.8551178851858015 0.18413188326274627 -0.059127990973177336 0.481012195983587 0.416272028256094 0.3466527686487058 -0.5913099170479856 0.5974127873425953
