-0.8556440615033384 0.2065478952409663 0.1045038745671742 0.4629148379411127 -0.03699032362107097 0.6118255326864876 -0.722491593019565 0.31985486009650593
-0.7581195186938153 0.462036149023102 0.1311440338522358 0.4411106831128933 0.23797969327683335 0.47731776919370306 -0.21446351530878197 0.8182535141392373
-0.8737660655621512 0.18663642465592908 0.16972873766786872 0.4158026734802965 0.3628920315419052 0.432073593936035 -0.3365847724726939 0.7538782884564935
-0.82969914029974 0.17966245808442285 0.014695650352096561 0.5283036774447668 0.4345822084337698 0.4322500054068718 -0.43082650101528736 0.6623343286902101
-0.9100380982417761 0.07479968679845908 0.3678145965984857 0.17592068989302298 0.5245022965366234 0.3477882788458845 -0.6619507311636942 0.4071386539461414
-0.9169925328375162 0.09289288498904504 0.1803434557760126 0.3434702965285559 0.4323816920179576 0.2409438682319728 -0.8455870170434784 0.1999367934538665
-0.632420393152868 0.590570942385869 0.1697313728922796 0.47165842448740414 0.18139726468070577 0.6056675815265234 -0.012992970079715366 0.7746566954352604
-0.8149096438298422 0.30340086557908136 0.17971631343984248 0.45996981840396467 0.49075847777880127 0.40844191381617767 -0.37719160812033004 0.6708634811122239
-0.19185905463596084 0.8202974264651314 0.45228340884202817 0.29281726959848603 0.45269735059941074 0.3568245975175249 -0.3617241717887225 0.7327325152540274
-0.7597442099148966 0.23113178508426532 -0.2769085440988186 0.5410069238278038 0.4107397796986276 0.5458553980906048 0.34517642102429796 0.6435743594312368
-0.9160957963872799 0.10655370676751717 0.014863082529757881 0.3862562468017458 -0.2128676546436769 0.36377394781225814 0.7271913142037836 0.5418013187932998
-0.8902349231391387 0.13795044976803192 0.05608435064788847 0.43047183490288204 0.5191522035179095 0.298201071105019 -0.6493291779330521 0.4689655951763469
-0.8533326277152639 0.13990768989469393 0.26832289551608574 0.42456105394484384 0.3533913038729812 0.44988656633841545 -0.6597683454984593 0.4872600887138308
-0.8700372137781771 0.13425094201244256 0.20179938547233672 0.429288876204434 -0.3593893849956523 0.3001229899948143 0.8741274337644307 0.1290995366739559
-0.8866338363943671 0.14293860939578015 0.029697431437122862 0.43882463088418916 -0.15339442998894642 0.49699957625416585 0.6081840277105391 0.5996446935388755
-0.4220267168688868 0.7158578308245978 -0.296863687152715 0.47043912204031785 -0.04126562119189198 0.565021804239256 0.18476155021576304 0.8030633093372722
-0.9085233855536028 0.07415179248066538 0.3732827311004858 0.17247252603324004 0.39664051933363936 0.46035446295437193 -0.5981669000214043 0.5224427495712004
-0.8995901250499643 0.07877706731181103 0.3929924245040806 0.17346104709918206 0.4333365723515265 0.18414781060308438 -0.8754427728604162 0.1091281373394902
-0.8546818155930712 0.17182540382250078 0.07004470816865048 0.48485952971281765 0.13145216822529124 0.4544540845085515 0.04720626393239843 0.8797518861519473
-0.7926933586425191 0.19565428784250044 -0.15029081420163048 0.557466868952315 -0.3050946215292196 0.33160531454229375 0.8007929608391825 0.39457042609864224
-0.9215200018740983 0.07901033165623376 0.28287047787202796 0.2540522512909191 0.5224761857656578 0.3494248245839005 -0.5614167746549079 0.5382677144399062
-0.8821082499330656 0.13855037914027912 0.061531970265747395 0.44598502718737587 -0.2625831724074436 0.4734784909162772 0.6975850092546846 0.46930091739866564
-0.062074343064975265 0.9238418589185483 0.15492113627879386 0.34447414587608777 0.23930251396965946 0.46959166562795435 -0.22611967993290022 0.819199526811147
-0.754308007076668 0.3029931083791278 -0.257822679772215 0.5222471374070453 0.1932756248008907 0.46765217576586904 -0.043552360583295584 0.8614227575626828
-0.8768103842830612 0.09590413746063155 0.39792973467989784 0.2523051182376384 0.18632924155424743 0.4671379609331936 0.5520222136609555 0.6650827127672582
-0.9395282279141093 0.08519317839118311 0.034054014251196814 0.3299532624805534 -0.2504561592276722 0.2836547137109213 0.8389654384794105 0.391086574471112
-0.8223008553988904 0.15246054901640022 -0.4196573623954203 0.3527956666275676 -0.1694142869043175 0.357060284944073 0.8222985330662941 0.40942871763639116
-0.7537948301449878 0.40739172171546234 -0.013260021493222246 0.5154119817722512 -0.425642277465965 0.2729771340001469 0.8462160306001786 0.16801953904808103
-0.875689420000542 0.23406000193139498 0.31499972026567796 0.28135232614558975 0.5001322374268008 0.2416241379084024 -0.7285667985067921 0.40084403597914114
-0.811785436787257 0.41768370241670305 0.152495900270231 0.37853629912647635 0.3108603711700853 0.4402254619737854 -0.5450004651032492 0.6422942202006849
-0.898711683660945 0.12247855142046174 0.039031903979053435 0.4192765490282333 0.5822599996621881 0.27681550374293007 -0.5927434991657035 0.4827024071596643
-0.8375042351476982 0.19818818770432275 -0.014492781900549716 0.5090167557526254 0.2762203876206128 0.4801868004492376 -0.21652244307323518 0.8038911405051309
0.15469713797031895 0.8213039430884593 0.3379987268527591 0.4327649352905742 0.2591007774266736 0.44495708706928344 -0.3580218908399458 0.7789096889133562
-0.9228549272427017 0.09469201379490491 0.13789910657848414 0.3469236835273563 0.45406075386629946 0.3834085879782496 0.2826941041319655 0.75293474481652
-0.8451356541658993 0.2104698903648617 -0.15126198341885577 0.4675125278316873 0.31689344502574635 0.5277302589999823 -0.17216674887054323 0.7690500171112885
