-0.8756120672305245 0.17785642815226288 0.08492049186139877 0.4409751792870257 0.5593111810410193 0.31977833289058283 -0.7071083392655725 0.2913942640432438
-0.852076681993105 0.1544175897856881 -0.013130736128081338 0.49994811704529357 0.4941426740034773 0.3044531466242505 -0.6847450030553394 0.44074434770060195
-0.814336871010387 0.18568439345142804 -0.0038810298708220957 0.5498742621261059 0.43790681504257534 0.3749808610998146 -0.5354645296198889 0.6171747829157151
-0.8167434820765992 0.18681510881426672 -0.27781481360472715 0.4699458787412401 0.5410584708381839 0.22945792976697182 -0.7618806019587808 0.27229164137047485
-0.7515592347963685 0.1774808325020774 -0.5392152442743928 0.33601516487916666 0.4755225867399889 0.2761679064775488 -0.7234851901975767 0.41734726127853483
-0.5004114819103029 0.17483541929510465 -0.8346377415740585 0.14966885204475522 0.6109555706250388 0.15379719491074156 -0.7622204139539609 0.14865986045894525
0.43854133721042926 0.5847631306310977 0.6719414306952609 0.11928239739128438 0.6559214865679611 0.25747387787155485 -0.6835509858884188 0.19034772224334726
0.9535930322572546 0.11261941580365915 0.10442158411587489 0.25898519028158434 0.7028140882099575 0.19800538841530038 0.5203093769217086 0.44285931836132275
-0.7975029942121766 0.20088163558860114 -0.3312705895438325 0.46248820440000765 -0.09514650892415474 0.351828246111141 0.9214418019746669 0.13456980586886175
-0.9368989628082851 0.09046536517111095 -0.15017098974643797 0.3024649153733246 0.6016093738782788 0.18419262947748677 -0.763971141194011 0.14313396497922806
-0.78919567021989 0.1354108683938846 -0.5405974773791038 0.25804739541088606 0.6094070719094397 0.15759258674457985 -0.7628861204298916 0.14762237149342983
-0.8811878480922575 0.103125373280806 0.182194183476321 0.4238849056850549 0.5730135317097896 0.18344209748314813 -0.780986499206643 0.16752485608234147
-0.5822701660782238 0.23793867681749553 -0.6874968624821961 0.3628976492714075 -0.4406163113282977 0.250148319723728 0.8552781724576644 0.10854645110881354
-0.8793990961319329 0.07919581128811724 0.44270748294583356 0.15619006927625362 0.48934203412341704 0.29954001249134415 -0.7918274792389115 0.20935471735500324
-0.8943140479378738 0.06809806226968435 0.41793805857606314 0.1445434770917027 -0.526643861452442 0.13565491334744098 0.8346708731354805 0.08699724833817339
-0.9130678811977515 0.06299388747827778 0.36672404933592073 0.16689004195603763 -0.6267292554621089 0.13345561983882345 0.7608219306674427 0.10271332774674946
-0.8937807326657196 0.0643059973034371 0.4220013224637086 0.13760677477951783 -0.5812878147089299 0.12070695602125714 0.8000503677258078 0.0863349080082827
-0.866425513794319 0.07211855883051944 0.4764560854799891 0.13074915344867316 -0.7052672395151175 0.10493438268106696 0.6936415238760234 0.10221708542615285
-0.9047749739667739 0.06877853049710372 0.3809184406082908 0.17763136499681142 -0.5973596703486823 0.15096038048676805 0.7807542002865453 0.10390027189146876
-0.9247985742714682 0.06655803366654843 0.27944875915780715 0.24945143051316523 -0.5216367961669959 0.18656950045255338 0.826070308144701 0.10341528120754523
-0.8971356039821552 0.07362556700449749 0.37800689504569474 0.21642035775026586 -0.6238363071171368 0.1642079563814021 0.7550762335329411 0.11714900997108067
-0.890866756714991 0.08470029778913718 0.361851179576293 0.26123936375245926 -0.13063997707805106 0.6251223905989758 0.2759223886209116 0.718346732865542
-0.9019961392898016 0.1174439256782623 0.2436129250463936 0.33654514077299014 -0.0959133666833565 0.5687064851166254 0.2783112069070945 0.768060174717889
-0.8738688946820801 0.13119833435073372 0.009355036055576884 0.4680305922384899 -0.2302267198247824 0.48094499762686144 0.5550130920621941 0.6384732056836699
-0.8364788053530369 0.2519272826094221 0.11386776005886737 0.47314901002893905 0.06353979411247951 0.5545481205263498 0.2625340867165918 0.7870927073075457
-0.18353499822985336 0.8874510090736647 -0.004378872345501881 0.4227604953113332 0.41894316562841594 0.42721486107164497 -0.45713390353615324 0.6580293919655684
-0.8609973257128886 0.21739217197079735 0.05731136361319395 0.45622325267556185 0.06527159399453228 0.39724927177194513 -0.33935481346530055 0.8501593648675544
