-0.9020826524104839 0.1087662713900976 0.19318192480223514 0.37026683669708443 0.6167550651424237 0.25258052654889784 -0.703842285013608 0.24580948935358288
-0.88977392214517 0.10215079117567596 0.2942457167988066 0.3335971245052041 0.4404905249270654 0.33570726381398003 -0.6383331352112486 0.5346022249891846
-0.8997868205709705 0.11533156988924541 0.07274871184462597 0.4144754895510877 0.5403290310452702 0.2572071052969447 -0.7334749609637304 0.3223406968313185
-0.8833470694886258 0.0712458464895382 0.44196595335981254 0.13888153316621238 0.3939583669962802 0.16362097741132628 -0.9005142205862805 0.08425627185242703
-0.8260615961082354 0.09109447218693116 0.5391301865443033 0.13661141434303276 0.28902808096182453 0.14977498654483415 -0.9440370219010816 0.053144360953508406
0.9542765230154476 0.19008919886096032 0.09961751552521893 0.20808355220566813 0.6283425238996002 0.18025758713980916 -0.727512657731789 0.20837036204326992
-0.9416938988465208 0.08304082777086733 0.105037892735859 0.30868084308550486 -0.3173612967427108 0.2903119703662997 0.898145842392857 0.09129519693963606
-0.676893501116422 0.14341938599615273 -0.7051694579234064 0.15486156230274942 0.586618911385827 0.13751343046221498 -0.7906865144341829 0.10855019640214163
-0.9699923630830272 0.037468622313252015 0.10985676747833181 0.21364084006051726 0.4629378679679462 0.18569791006366212 -0.8601353562759334 0.10663951183006032
-0.6527755697890327 0.11866315503191766 -0.739789587520305 0.11186812468711357 0.6406968811800833 0.1168587185811374 -0.7515592964941357 0.10492935809833515
-0.7663590837337223 0.1521283141491168 -0.5802843131618017 0.22982786321787252 0.24701826884473366 0.1727261467221722 -0.9517795208431661 0.057126148119883445
-0.9464677966037333 0.04870102148944265 0.26448214111973783 0.17853884038684162 0.6870897667973539 0.12524893478594837 -0.7049853186352946 0.12335338343975513
-0.871601324474494 0.07327894300802529 0.4654248233985307 0.13535531556012487 0.2367631073536153 0.14233258030271584 -0.9602356950053383 0.040398980410975054
-0.9559657486357938 0.061903476529117756 0.07357518739137968 0.2772798925799324 -0.4327173268115943 0.19975306265722712 0.8741499608325596 0.09336099299236367
0.9535527792764886 0.06756578634632994 -0.038630195737999376 0.2909977141262971 -0.02375186753214206 0.2897479751555946 0.9549489809447863 0.059618818123831775
-0.9355701316951898 0.0794152851358006 0.09470783776932583 0.3308053304160982 0.17822004194569388 0.2785841346880791 0.9393248181470504 0.09108996960137845
-0.9429074922479592 0.054115009984937824 0.26525375210673824 0.19400379828831113 0.7302339458042242 0.13015066230561229 -0.6564370970313054 0.13751191634806154
-0.5847369585912572 0.13472425882712344 -0.792454989309357 0.10930303408247878 0.6840008148305328 0.09684946051119699 -0.716776807615448 0.09483709914619026
-0.8443990526456852 0.0996459849703146 -0.49117831722740574 0.1892215057968285 0.1729935754654296 0.165425671236429 -0.9700732905157629 0.04080908197428474
-0.733956654483758 0.1288274580397731 -0.6458764684873433 0.16599609287069933 0.6089547086023109 0.12400483842569228 -0.7762867506109417 0.10571586325617353
-0.9333722829760133 0.07902025005337873 -0.26760019720428124 0.22574790344514042 0.6311918515587406 0.13028989619253514 -0.7565296679371458 0.11083434037742633
-0.9103959296673444 0.06530315735235914 0.37791273738829906 0.1552311560371413 0.8822549766245178 0.06999435605855477 -0.4447206330350387 0.13766083282522337
-0.9556265697685753 0.049174803703075046 0.173331578956932 0.2330576357243147 -0.39513127172262275 0.18083045041249837 0.8970680386063554 0.08025310225419564
-0.9055548322526352 0.10552963004272131 -0.3000699269267397 0.2806990949773959 -0.6472395607942782 0.1690069751778122 0.7289274475406955 0.14554164182763138
0.8420500875308559 0.07361114022251217 0.5215105962262702 0.11644633162165254 -0.1621586249355492 0.1496316324027429 0.9749048313506353 0.029589267525433893
-0.9179561910570868 0.10383694911453195 0.14036618297582595 0.3561904742905798 0.3570664266427434 0.22297122411035777 0.8983295240471072 0.1256641015111667
-0.651732915287993 0.1737715922854799 -0.7090700947489645 0.2055899841370614 0.4293639472518647 0.16452019456943442 -0.8835409901349885 0.08907875802017796
-0.4748901311498077 0.14948869770068718 -0.8622313939917844 0.09321757243811495 0.5040234009571201 0.16540614547480562 -0.8402376909223108 0.11225792212725348
-0.9545200250468279 0.04435459876096737 0.2417698816603049 0.16873504578278584 0.4906236180430671 0.1399503843936875 -0.8559176656894885 0.08430483311795892
-0.9398506722814196 0.08252471247384104 0.09029379119867507 0.31893168063747346 -0.5676669730297772 0.2005020603652939 0.7896456040339459 0.1183763132993557
-0.8815049248359699 0.075598596456555 0.4420544793811407 0.14772189060122015 0.5008715219146338 0.1427350889694384 -0.849081073010298 0.088406698657319
-0.9184559949934245 0.07126480023948255 0.34899161147552893 0.17194408575807063 0.7892978434516134 0.09437803782301929 -0.594419829496308 0.12151858541346405
-0.7101108411397099 0.40031249374775035 -0.2578612743508099 0.5186521607353887 0.5381118526006885 0.21146888167899452 -0.7939647931612218 0.18797992816401599
-0.1842431606316785 0.7709506000593314 -0.4066760882642113 0.4542072096111265 0.31033859555824395 0.4072130604233877 -0.4154846424218087 0.7518244419006188
