-0.8653485164939628 0.162571868852393 0.14897098606426842 0.45005552743031363 0.46404716510415966 0.320323533227923 -0.7573885833862797 0.32926523711940336
-0.8547263014267337 0.1189864430584561 0.30289680832232696 0.40439918338916186 0.3242844521232786 0.3507309256286967 -0.591406139839515 0.6496662140506205
-0.88579449657067 0.11023859537134839 0.30108039823639704 0.3355088012757312 -0.11424467730762686 0.5465285752880175 0.2796142912900819 0.7810701109419509
-0.8050001918877717 0.40822446901570936 0.11795569882965928 0.4140216504859371 -0.1716905229708072 0.509625828362386 0.38855954950824523 0.7482147792405013
-0.8713659675157487 0.1404293681165583 0.11326561982406913 0.45625852604811334 0.03993016986131193 0.5598742273375428 0.2655973389941399 0.7838395783687299
-0.8780537020594739 0.12386658536471531 0.2021561987863047 0.4157061902618369 0.31741047648741466 0.4593173928263419 -0.335646855680767 0.7586957956485977
-0.8609178444294665 0.13346762882736454 0.2552270432220307 0.4193638200968957 0.4254607554712333 0.3641668338628882 -0.5941894006230133 0.5773254011867062
-0.41749700692384467 0.8180582630792814 -0.02840843179314432 0.39455023561061864 -0.044873474413891654 0.49259826262400486 0.27504789689636716 0.8244282730272677
-0.856353099305632 0.16801051721005422 0.2557065402520077 0.4159879814234986 0.05273123274752854 0.41440582533007103 0.49933199534352923 0.7590486067780364
-0.5215493437686518 0.6856716161710874 0.21309686478992215 0.46090177153979706 0.5407824239053203 0.34899641885710786 -0.575259385797336 0.5048093785500348
-0.863441686257849 0.14540239600303492 0.11999134419056579 0.46789814595499307 0.5236485892429601 0.36074485812888046 -0.28663224181754454 0.7165872314436537
-0.872845150233476 0.24186684783648035 0.12501582567795655 0.4049849564633288 0.4769423121174716 0.33701171682846814 -0.6611426025236665 0.4709985061129194
-0.8380768428894946 0.15429089739400573 0.05768618800605572 0.5200902115085998 0.5040356401502638 0.3129363870540774 -0.6336921557484708 0.49644047262356655
-0.896688118552287 0.12344705374690773 0.12098717522226896 0.4075209766381406 0.02395117443559144 0.5357741127445647 -0.07928618587888049 0.8402893204633212
-0.855309105810295 0.14579162091590706 0.11151604864688304 0.48451553915523915 0.12472703988511735 0.4838903348327448 0.12099942807529797 0.8577018408412106
-0.9009464610035961 0.1133458201324428 0.15701165727526775 0.38832401283370777 0.12265491290852922 0.5471940151281278 -0.02793819493274739 0.8274986038726949
-0.8608993781339964 0.1614925033968163 0.011553748692064315 0.48232659367516545 0.14132151985136673 0.5283682785838584 0.11554413501561596 0.8291590577667972
-0.8605858483501166 0.16840599403880283 0.02968248922785608 0.47973989684468704 0.3023664392583912 0.4448087251095073 -0.4052542205253666 0.7392487749215645
-0.1686822493753174 0.8291251577690353 0.3430748689829778 0.4079183812632966 0.26496888248035616 0.4192229536706854 -0.05359391810989049 0.8667013893921989
-0.18882030766925437 0.8281980521080137 0.23457486409616563 0.47266215316063265 0.2587995266984358 0.4734574739215428 0.31901944161126866 0.7791581490573858
-0.8388860145333991 0.17963977563386177 -0.07761985609487804 0.5079123581586652 0.34657018138497236 0.42933213609433557 0.2244454151758735 0.8032355083647585
-0.2882021504306279 0.8448429170177717 -0.12227002116639556 0.43385482361734046 0.27744552100753433 0.4516215534773134 -0.06384541227522958 0.8455682814764293
-0.869497844579161 0.1690922373190411 0.00018028880776811747 0.4640918885808929 0.10761786405974542 0.4321706875914657 -0.7040821888969647 0.5530959802782848
