-0.8464715543300892 0.24579475081135707 0.2077099775654508 0.4241785159615534 0.6510820515417015 0.28269292019017794 -0.6416173679986447 0.2906957655644306
-0.8175034323026188 0.3301039510537632 0.16390441538511555 0.4425549257317061 0.41500617822709684 0.3023182466351553 -0.7275850834557689 0.45496537903168677
-0.8862379884994067 0.1071534769898804 0.24181637750650112 0.3802961999272908 0.44534480055661063 0.36971086124079694 -0.5983192209764003 0.5540721952128389
-0.8786966633452219 0.11202497637219103 0.24693485821874261 0.392894075154199 0.047362099143847536 0.5788749693633379 0.06202587926026563 0.811673204997722
-0.8956865076041466 0.12953842520060563 0.15182785981533717 0.3973836653365717 -0.03809009607335659 0.5717608488926831 0.14888437920289663 0.8058983297439007
-0.7587430116323353 0.4844917371730082 0.24245666567010954 0.3616511636678466 0.10545643372287343 0.5975333273542229 -0.02061084611054931 0.7946118903653855
-0.8396700080728806 0.26187187452450916 0.22884186971205164 0.4171436174060449 0.09431058454618708 0.5972915784635134 0.011589815713523285 0.7963755145098621
-0.8256425133895203 0.32864404266031966 0.1831531214686333 0.4204312873752545 0.13744286617054344 0.5679177789601285 -0.05057558768306742 0.8099512113765452
-0.8866491175689178 0.12894325559787181 0.18316728856644754 0.4045698005898327 0.18238117303583745 0.5426890664997761 -0.10438540407068672 0.8132216009432318
-0.861423442801812 0.14516408851545481 0.031835685588228434 0.4856578309057496 0.09482442184221959 0.542544165839046 -0.0691218239651597 0.8317910378142048
-0.8727494583821972 0.12638985409419076 0.18595003401991822 0.4333088650415796 0.1995941944235479 0.563689548150555 -0.05330959409199771 0.7997339170223959
-0.8579146458171018 0.15860355013030863 0.197637987681024 0.4469525704188027 -0.0047044769040652116 0.5509645235057085 0.14439982004123855 0.821927401725508
-0.909589686706451 0.0949080683135612 0.1849618477768256 0.3597612753941578 0.07783471398358333 0.5092663618281624 0.04335689988526094 0.8559846431109266
-0.8808327339062516 0.10741913402798604 0.2619457208819255 0.3794459959408774 0.1465290801716909 0.5555920063099926 0.02340532345638594 0.818106925788052
-0.8748114846415963 0.12887513196305808 0.28645487400351693 0.368835562087361 0.03444125730910236 0.5245563768048704 0.06803781505228437 0.8479535736531961
-0.8662200779150014 0.14820615985883973 0.018374008145680118 0.47682293005002113 -0.0929511112994386 0.48622619211691215 0.28567263147346256 0.8205701241421809
-0.7135315637909323 0.5229623139482201 0.09133098983838034 0.4572108659679158 0.1675723766748814 0.4996434405135573 0.009288581705420006 0.8498174234370631
-0.856475403862584 0.19402693321243908 -0.038443247041062105 0.4767866907995012 0.4181363501387179 0.4182205812940556 -0.21504341912653 0.777180716413567
