-0.9626992690343279 0.04491277601720524 0.15763717704646996 0.21527535939818762 0.7853754891272126 0.17192653871058036 -0.5579704720377099 0.2056588405568938
-0.7116370778143845 0.12074891378832879 -0.6779874409364138 0.1390158236721107 0.7542234326605896 0.1027326737286302 -0.6361652077471319 0.12604300784372197
-0.9072811116670207 0.084439254942047 -0.349556206202889 0.2179941635506109 0.4309913806597095 0.15622665095779353 -0.8848755994887079 0.08267307153510751
-0.9612865256245661 0.03949654244930381 0.21911888385502554 0.16234270394855596 0.783028945180733 0.09584713132765237 -0.6019913178344795 0.12363434667322432
-0.95388418818844 0.06251792587614223 -0.14510086714861847 0.2552297059923574 0.685941350890297 0.13372324081316797 -0.7011982368661749 0.1411509497700445
-0.7611053759586418 0.1658829667558346 -0.5581581385941091 0.28576378417899007 -0.39212542075356743 0.20851304505885962 0.8904105524788036 0.09964443021820914
-0.9527575544660111 0.058956298965426375 0.15571325218684337 0.2540286997833942 0.39515970129790595 0.2109213779679891 -0.8866153847048598 0.11521346445137484
-0.7884335133619685 0.15086043166164506 -0.2747762032621581 0.5292558580567605 0.7375544861592627 0.23039732728940604 -0.1131396900580067 0.6246037640439116
-0.7756270350247001 0.33455248847805735 0.5081025923300655 0.16825305542366553 0.7575203963410836 0.19810195141002046 -0.5765949693859818 0.23335960930197033
0.9038680512390576 0.27495792101814076 0.20368010159896402 0.2567783165131468 0.7241098711143268 0.24015346121317244 -0.5282455458304303 0.3727570964212983
-0.810495092607202 0.22589480920420432 -0.3096254671034715 0.4429461707196443 -0.06512983210333627 0.3646378535061296 0.8866016466019135 0.27701057922651495
-0.10550153356492784 0.6226054427852176 -0.4829218485944423 0.6066451822769204 -0.3863023009997445 0.4335495611163375 0.3821369718836039 0.7188717862162651
-0.856239539276906 0.1458622680687938 -0.09028567303392442 0.48726435061218093 0.2069230663723836 0.368306040652276 -0.8168780064022406 0.3927388797641445
-0.8374806076729887 0.13910527484069796 0.5003908513258766 0.1699557300962228 0.46103064975602576 0.20391400502980173 -0.8521012094635698 0.14068883171369453
0.9587816586802783 0.10737715401212512 0.06728259488314249 0.25432445851774005 0.6774365525808699 0.21503172309938667 -0.6662147300908182 0.2258296010231462
-0.9235958481297741 0.10399831627251531 0.06876603551786085 0.36252764293096523 -0.1594416350810065 0.31627449460974805 0.9147252133374081 0.19449059912210886
-0.9500158529336908 0.06095568071890979 0.08681428983495675 0.29362827391656016 0.628326687520119 0.17951657212173666 -0.7394104360609315 0.1620233968531679
-0.6942347303143701 0.17237367009161522 -0.662224163984332 0.22312465959578154 0.7508092288024425 0.12335108043991941 -0.6267845542369629 0.16796170834257992
-0.9396673330465066 0.08970848333094052 -0.1361090441979271 0.3007524219540968 0.4407337775125374 0.19572877240108233 -0.8700620066484891 0.10215718085724078
-0.6571418653151186 0.13787984611718443 -0.7253645146656253 0.15165763333498877 0.7667030176273278 0.11623435648011889 -0.6089456067800727 0.166857139847389
-0.896107984699207 0.07277549708694989 0.4080492343355304 0.15871367030051522 0.327551641247125 0.18077073799172658 -0.9243426178957775 0.07498391390039544
-0.8643731661188554 0.0819580222858112 0.4742217148047493 0.1457932696811044 0.6827628518516319 0.11928725768727164 -0.7117204565746562 0.11427786302709644
-0.8966601495890801 0.07494920423415612 0.4039980227626489 0.1648295802561705 -0.590801155836899 0.13542756057313324 0.78899624561697 0.10049027067990435
-0.8643957752444161 0.08118403673449451 0.4672891022362134 0.1669430766769642 -0.7347767059192274 0.14763718347366395 0.6443021469883381 0.15225372862649666
-0.8475241852659323 0.07167502439208115 0.5128433385712596 0.11643520236937227 -0.627578104167747 0.10366684804546764 0.7668667454947222 0.08552369519535061
-0.918293716004759 0.06081236835458425 0.36011488859464663 0.15282595988163317 -0.7953884188341652 0.0995764193290295 0.5817305197907734 0.13795434839849302
-0.9582014682594883 0.04948662255828912 0.17480304973584326 0.22100885551529914 -0.7140871201665839 0.1575846574286753 0.6661804283291766 0.14645920068891768
-0.8250108476695761 0.12916208928245937 -0.5025519772015047 0.22386550902400243 -0.40727525882979326 0.21988795647622156 0.8797651573052175 0.10857908699911782
-0.8866925608487695 0.06771725885998989 0.392842329013027 0.23423402810770505 -0.868053829309691 0.14941440240063783 0.4372307031578046 0.18162378146094718
-0.9510756070375781 0.042039292632355584 0.2700130908879698 0.14415553517710772 -0.7031728357904699 0.10783578947542559 0.6941518887536692 0.10987520582148869
-0.8744005902891037 0.07568158555103456 0.4530211825799177 0.1564215888055144 -0.6247142074633457 0.1360200406411179 0.7616009742119826 0.10580483739787809
-0.9685937634594264 0.04536696957634492 0.0157574362792139 0.2439665195490364 -0.6033917258175167 0.16204404306321166 0.7724276301305892 0.11408641257191243
0.9303068671120521 0.06936291693037035 0.29127916728169473 0.21183570394707232 -0.04161465801041511 0.21128188870722947 0.9757665501263908 0.038830701737463696
-0.9698307037551678 0.03968359953804428 0.06605016556338628 0.2312812002963257 0.42959218128640475 0.1928534183022966 0.8762829245181847 0.1019134585055646
-0.520170118690397 0.14062923192847612 -0.8372985657839277 0.09261521735116054 -0.4295061089014588 0.13896421470066403 0.8896783245904553 0.06845383994252188
-0.7074476249042105 0.13343314322062858 -0.6781944762448666 0.14753205312272188 0.21696554133310683 0.13398600284748702 -0.9662928687054707 0.03538074057925932
-0.8759733748666744 0.07500729840744223 0.4537802401072817 0.14535489464921172 0.38181212818765026 0.15084886031412803 -0.9094509849495064 0.06605320647113813
-0.9380670273399045 0.07750021748407829 0.17405371563226812 0.289360108830151 0.664933813848715 0.1359744481452976 -0.7235633748807826 0.12581738823913152
