-0.8383362128958323 0.11548755089851655 0.4082033762766655 0.3423814003874445 0.4544102143388076 0.5235545594543675 -0.4374517090053043 0.5727460018781805
-0.906178048649017 0.06579618077695591 0.39176037252791057 0.14503798557143088 -0.4745454586812518 0.37256647351892586 0.62284052990831 0.4980667673698051
-0.875686025123333 0.0658995553562563 0.46200618178159764 0.12402226414291229 -0.6661053417043867 0.10196298413344138 0.733148737030374 0.09165234863468276
-0.9023366040145638 0.06090144873656915 0.4026182998519149 0.14134415878134088 -0.6194743675637784 0.10973608672279836 0.7725178271651867 0.08617253573037228
-0.8752663809681495 0.0672525074707041 0.4610276502363215 0.12976659163049994 -0.6494025451686246 0.10682581682463474 0.7473151693233205 0.091567553683162
-0.8795457929981177 0.06251760718896497 0.45595784999056244 0.12080225926141529 -0.660622996216948 0.09284833922933636 0.7403571866829458 0.08262977005057036
-0.907338010206689 0.061514362652956074 0.3864243678083355 0.15372028618726655 -0.6463127040585267 0.1204838781110517 0.7470176919377273 0.09863108850614773
-0.9140793315548237 0.06574640948333395 0.35828999523125704 0.1782264418696686 -0.5899294195215714 0.13587178496693514 0.7900561469448356 0.09660964086218876
0.6130198833287653 0.3210706375794681 -0.6617027318642469 0.2885650064912468 -0.30907313843252016 0.299592022370863 0.8945853902019651 0.12014738810480438
0.8814939337526015 0.22798498262475694 0.3418360093028909 0.23267882413066115 -0.012802370138126242 0.2880462655252286 0.9505927508075114 0.11506029005710262
-0.8193904611187555 0.08781820942770777 0.551361202607337 0.12995406334507414 -0.6350470854228503 0.17059962317338526 -0.7184340199647773 0.22685574012198145
-0.8991079525402893 0.0764956699713657 0.3344131683999673 0.2718844146970105 -0.41930639801169134 0.18750416347378002 0.8842297470960506 0.08462911802041592
-0.9561577118307556 0.06071235214685513 0.11715487442062832 0.26144057795770137 -0.3229151403176219 0.24250530176379737 0.9114068135666683 0.07908609836344412
0.753776622090265 0.2727998132370766 -0.4131083477140869 0.43213719920523275 -0.2591152751119702 0.26985225390698453 0.9147775252662889 0.1523847582032162
-0.8186552762738969 0.29603752890198004 0.20851499906663848 0.44574299240118004 -0.13930468359350115 0.2829049255762657 -0.4698114911000677 0.8245217832440409
-0.8981926635116013 0.07025946815159888 0.40719662031749376 0.15001486176709486 0.5515985855696346 0.15582786544432425 -0.7918293116303228 0.21086255711171967
-0.9017317132172109 0.07521908804225667 0.39055114302779603 0.16938657223087925 0.4824401309997913 0.19209821867719273 -0.8454955253892771 0.12444722145818962
-0.900441241008242 0.07957652392645481 0.3888057454766191 0.17805403847060094 0.43774833403828495 0.20106188724484395 -0.8682910942293782 0.11841068037215587
-0.8236823813674847 0.28826323502659934 0.04623047003219984 0.48612178062435224 0.46384600676166904 0.2473712209535538 -0.791959183381832 0.3105720736196083
